0.447769013 1.48088183 -0.0002738572174 7.332687758e-05 -0.7729810514 0.2369444357 -0.0004747778078
-3.089499838e+00 1.023821840e+00 -8.886972189e-05 1.000000000e-03 -1.743626187e-01 -5.261592019e-01 0.000000000e+00
2.473787142 -2.624134374 0.005991819411 7.332687758e-09 0.384983338 0.3621624593 -0.001942920241
-0.1681613524 1.006125531 -0.0007953276486 7.332687758e-09 -0.9778297473 -0.1677256936 -0.0001855916836
0.5424182652 2.528289994 0.002646813761 7.332687758e-09 -0.6094288172 0.1318323861 0.001177698458
1.285699951 -1.943310893 0.01219889452 7.332687758e-09 0.5468374325 0.3609055957 -0.00273020665
-0.8013215116 -2.052845439 0.001719015701 7.332687758e-09 0.6283826487 -0.2468445693 0.003353026858
0.8085395208 0.9551429973 -0.01025850908 7.332687758e-09 -0.6836591793 0.57958903 0.0008627577477
-1.809430515 0.4756555071 0.00595753673 7.332687758e-09 -0.1818649832 -0.7063762645 0.0004826792843
-1.130117891 -0.8526476366 -0.002059685805 7.332687758e-09 0.5066346696 -0.6680026525 -0.002124731653
2.751679433 -1.373266486 0.004846474983 7.332687758e-09 0.2537395743 0.5105548062 -0.0001457977225
-0.8168614607 -0.8977238018 0.0003047078503 7.332687758e-09 0.675419892 -0.6104571117 0.002799784543
-1.468929607 0.8274318492 0.002526179699 7.332687758e-09 -0.3807350876 -0.6730743802 -0.0009374649938
2.265623509 0.0152678769 0.002536048173 7.332687758e-09 -0.0006095251055 0.6626311628 -0.0007259460058
-2.210876533 0.6430866942 0.001976363101 7.332687758e-09 -0.1787910029 -0.6315052835 0.001663720077
-0.832258026 0.954334394 0.004013456912 7.332687758e-09 -0.6763888576 -0.5778621397 -0.0007125780138
1.787187118 3.095979677 0.0005951958084 7.332687758e-09 -0.4587221667 0.2620124029 -0.0001474162804
0.08734100714 1.390550301 0.004545766214 7.332687758e-09 -0.8443847058 0.03929485241 -0.0004659733356
-1.779480447 0.4709272809 -0.003069602016 7.332687758e-09 -0.1929028447 -0.7066344967 -0.004492063491
0.7835371352 -1.337702961 0.007211736359 7.332687758e-09 0.6940379878 0.402007899 0.004929592845
2.945689734 1.386411769 -0.003810007851 7.332687758e-09 -0.2335699112 0.5024851156 0.001685835052
3.681425 0.1156100776 -0.0006980276481 7.332687758e-09 -0.0133572736 0.520219087 0.005234822221
-2.575029927 -1.338855843 -0.003355619126 7.332687758e-09 0.2686475162 -0.5233329692 -0.001030998877
0.7969520213 -0.03106959947 0.00328591955 7.332687758e-09 0.03588339864 1.117929116 0.007677731874
0.93803839 1.171088691 0.0007000830884 7.332687758e-09 -0.6327777814 0.5168125412 0.004906864036
2.923316776 2.302099276 0.0173419284 7.332687758e-09 -0.3261159529 0.4073257231 0.0008389414539
-0.5233196525 -1.651883555 -0.007735966684 7.332687758e-09 0.7298248856 -0.2284559042 -0.001182591396
-0.1580184755 1.731619733 0.00044901707 7.332687758e-09 -0.7575702453 -0.06385719008 0.001608706092
2.021954169 2.41728231 0.007919059381 7.332687758e-09 -0.4309667536 0.3644748867 0.0009481210078
-2.065247105 -2.500938332 0.008518475039 7.332687758e-09 0.4317384546 -0.3518295108 -0.0004892170954
3.11446541 1.323142134 -0.02175562242 7.332687758e-09 -0.2130336287 0.5007486116 -0.0009419995707
-0.6168693052 0.3665132626 0.003882300861 7.332687758e-09 -0.6123064216 -1.010532556 0.00529164553
3.553549293 -0.1908310341 0.02040084273 7.332687758e-09 0.0293859278 0.5299246609 0.001229357206
-0.07658768959 -3.934781532 0.0141810674 7.332687758e-09 0.5011284316 -0.01504053408 0.003874829884
-1.490280833 -1.309511219 -0.0002950064127 7.332687758e-09 0.4732337953 -0.5291628256 0.0021514744
-0.8583323377 -3.530964862 -0.008522795818 7.332687758e-09 0.5096714759 -0.1245173059 -0.0004210672957
-1.671452335 -0.4870851888 0.01294905213 7.332687758e-09 0.2047550307 -0.730755166 0.001679664432
1.552373141 -3.152851311 -0.007803854586 7.332687758e-09 0.4799280938 0.2340974852 -0.001464471778
-0.7769152809 0.03291338705 0.0007142818287 7.332687758e-09 -0.04656649501 -1.1341323 0.001953571966
1.383697842 -1.6895205 0.02243702917 7.332687758e-09 0.5238418087 0.4241864239 -0.0001478058447
-1.853195843 -0.9667925744 0.01394070604 7.332687758e-09 0.3189521865 -0.6144564216 -0.0003043944897
-0.9307111881 -2.439807926 -0.008560778835 7.332687758e-09 0.5765414383 -0.2205602797 -0.001160645624
2.4997061 -2.687527168 0.002090929279 7.332687758e-09 0.3814712691 0.3563100841 0.003256145215
0.7854157255 1.169704716 -0.0004047204964 7.332687758e-09 -0.701795379 0.4685370233 0.001389874547
-0.192658215 -0.5492168685 0.0003845234251 7.332687758e-09 1.241189923 -0.4368476508 -0.001312370542
-0.8979255867 1.390048752 0.000462016681 7.332687758e-09 -0.6496461077 -0.422911301 0.004706940403
0.3550295482 1.157782927 0.006980546578 7.332687758e-09 -0.8637186635 0.2582531626 0.001516008755
-1.301259448 -3.695018762 -0.005152339732 7.332687758e-09 0.47551787 -0.1701994496 -0.001978756894
-1.375539792 1.819791871 0.01093141276 7.332687758e-09 -0.5326371329 -0.3957977467 -8.599369334e-05
-3.158447239 1.594222957 0.004838625509 7.332687758e-09 -0.2398386638 -0.4756636661 -0.001562038796
2.98860906 1.11953805 0.01171024245 7.332687758e-09 -0.1992955218 0.5241531227 -0.001283309909
2.685092742 0.5515411255 0.001999955413 7.332687758e-09 -0.1231172255 0.5915960217 -0.002043972364
-1.733798483 -2.206951407 -0.008047201299 7.332687758e-09 0.4682771801 -0.3668684175 0.00229980406
-2.325629601 2.666310946 0.0005458564973 7.332687758e-09 -0.405455818 -0.3494311305 -0.002229440171
0.3605553577 2.889564189 -0.01925604954 7.332687758e-09 -0.5820526202 0.07054847193 0.002084188006
-1.176154467 1.588154039 0.002090863649 7.332687758e-09 -0.5726559371 -0.4287546341 -0.0007506574214
-2.638537069 1.111323074 0.003532379881 7.332687758e-09 -0.2226038671 -0.5457832399 -0.0006380904238
0.68717361 -0.263802763 0.002332549693 7.332687758e-09 0.4139297769 1.089490414 -0.007776560655
0.7998524059 -1.505856075 0.008769668754 7.332687758e-09 0.6731845545 0.36218184 -0.001054582772
0.7233496387 0.7878008718 0.004460442653 7.332687758e-09 -0.712033137 0.6486189601 0.000363061942
0.8297371924 -3.881257575 -0.007692245808 7.332687758e-09 0.4907870476 0.1058675952 -0.0002567597822
0.2660216761 -1.253930692 0.00546990676 7.332687758e-09 0.8613884819 0.1815447703 0.005502975534
-0.2656179305 2.794213331 0.01312058921 7.332687758e-09 -0.5956847401 -0.0517236489 -0.003738846388
0.5251164612 -3.497866849 -0.005199658061 7.332687758e-09 0.5238557599 0.07772376739 0.000563328414
0.1291969876 1.117132061 0.003732439643 7.332687758e-09 -0.9363200846 0.1027973888 0.001750060434
3.516940337 -0.2594665646 0.0002848116639 7.332687758e-09 0.03573859047 0.5325548733 0.001474688771
2.020265023 -2.046743657 -0.01147306323 7.332687758e-09 0.4190798081 0.4138309722 -0.003324326955
0.1255061612 3.058200208 0.01387215914 7.332687758e-09 -0.5693051718 0.0213093992 0.002247130676
-0.5073641662 -0.4904009322 -0.0008657893915 7.332687758e-09 0.8340039149 -0.8514217436 0.004832102071
-0.7032322133 -0.9399386938 -0.003628476342 7.332687758e-09 0.7451968156 -0.5487270343 -0.006775420253
-3.333871482 -1.432183434 0.01058955581 7.332687758e-09 0.2108206957 -0.4798794134 5.192272908e-05
1.342444086 2.195332073 -0.01802451774 7.332687758e-09 -0.5324881029 0.3228971837 0.000732438564
-3.43092427 0.6434847317 0.006915482287 7.332687758e-09 -0.096494548 -0.5274941806 0.0009765575149
0.9445822332 -0.621053213 0.006583255917 7.332687758e-09 0.5091748745 0.7891806481 0.0008018430044
-1.463589821 1.529782006 -0.003716439833 7.332687758e-09 -0.4935273778 -0.477744834 0.002714635968
-1.089347398 -0.2133342338 -0.001721743348 7.332687758e-09 0.1765059717 -0.9348139519 0.0007916135383
0.3516057964 1.00879746 0.002780216531 7.332687758e-09 -0.9135120009 0.3074449913 0.001043832303
-3.079109185 1.234393967 -0.005044429871 7.332687758e-09 -0.2064781364 -0.509537532 -0.002846914471
0.792110445 1.374948617 -0.0005962216283 7.332687758e-09 -0.6896089768 0.3883917911 0.002540969893
0.167059991 1.761119896 0.001295706578 7.332687758e-09 -0.7480804248 0.0776384284 -0.00338919586
-0.05009556083 -0.8127425152 0.00389938307 7.332687758e-09 1.108614227 -0.06883604866 -0.00224541871
-2.777002103 -0.5660980169 -0.01047507824 7.332687758e-09 0.119884966 -0.5848025721 0.003890978303
-0.7444334381 -0.02787711664 -0.001797015284 7.332687758e-09 0.06334851635 -1.156866739 0.002048453894
1.996597271 -2.041924741 -2.570113948e-05 7.332687758e-09 0.4237853161 0.4141379659 0.000822367668
-1.828363699 -2.487867898 0.004442367045 7.332687758e-09 0.4588526924 -0.3379282401 -0.0007540636168
-2.880112786 1.699813212 -0.002866945323 7.332687758e-09 -0.2779700557 -0.4702027373 0.002432097357
-2.516450804 -0.1823416317 -0.005914983179 7.332687758e-09 0.05095979104 -0.6320699237 -0.00324422649
2.089868513 -0.4171282269 2.293018391e-05 7.332687758e-09 0.1389029035 0.6698966492 -0.001734704267
-0.02815634199 1.763824843 -0.009936109071 7.332687758e-09 -0.7507895115 -0.008918841677 0.001840065484
3.67247223 0.4718936695 -0.02328565678 7.332687758e-09 -0.07095698553 0.5143578206 0.003224988161
2.774267847 -0.7744511557 -0.00488367412 7.332687758e-09 0.1604170152 0.5641253737 -0.000590005077
-0.8305306764 -2.750186257 0.009215473133 7.332687758e-09 0.5626612639 -0.167971904 0.00205516959
1.725284007 0.7159059036 -0.001273824952 7.332687758e-09 -0.2797613872 0.673054812 0.001153247433
1.750508566 -1.930453434 0.0004191859001 7.332687758e-09 0.4563246276 0.4190606838 -0.001977876531
-0.4175724157 -3.876020236 -0.007910400813 7.332687758e-09 0.5022638244 -0.06103112408 -0.0027557266
-1.278130394 -3.730376241 -0.01037877868 7.332687758e-09 0.4769954443 -0.1642609241 0.000916438633
2.139647085 -1.215135441 -0.03362093734 7.332687758e-09 0.3171249431 0.5516730891 0.001746116452
0.7060479866 -1.3665881 -0.00221956131 7.332687758e-09 0.7199126105 0.3728859334 -0.004773549084
1.378037914 -1.718390392 0.01160829175 7.332687758e-09 0.5235402183 0.4210946134 0.0001228235637
2.419201549 0.5231612617 -0.008091157114 7.332687758e-09 -0.1286588208 0.6191902805 0.0009661023136
-0.4706436472 -0.9436068895 -0.006062208132 7.332687758e-09 0.8637712969 -0.4383392789 0.003689675214
0.933707629 1.366340498 -0.002537342952 7.332687758e-09 -0.6482569075 0.4372936236 -7.744046276e-05
-1.64381658 -3.338413492 0.01514914546 7.332687758e-09 0.4632766273 -0.2310092744 -0.0005907234304
-0.8275023317 -1.487239718 0.002149987272 7.332687758e-09 0.6689587943 -0.3764365316 0.005161458949
-0.5649889841 -1.913078539 -0.003853293807 7.332687758e-09 0.6801896162 -0.2029083835 -0.0003445479144
-1.37402408 -0.5107027964 0.0001653596156 7.332687758e-09 0.2870824426 -0.7729455811 -0.001456722572
0.890114031 -2.631097682 -0.002621708817 7.332687758e-09 0.5692188045 0.1907985403 -0.002819298683
-1.644815324 2.168826449 0.01680449526 7.332687758e-09 -0.4849493207 -0.3665476028 0.0002952466352
-0.5071110772 2.161457939 -0.002343634534 7.332687758e-09 -0.6531276265 -0.147230386 -0.001580413685
-1.006703803 -0.6791634803 0.002547060664 7.332687758e-09 0.5135681276 -0.7480152573 -0.0009626154754
1.39587399 -0.2700967014 -0.01117446071 7.332687758e-09 0.1582244625 0.8247541564 0.002739500726
-2.132324519 -1.194915148 -0.006839464101 7.332687758e-09 0.3110885623 -0.5565314837 0.003495077628
0.7461801358 -1.924974672 0.001543620729 7.332687758e-09 0.6545138993 0.2511210077 -0.001929520172
1.978915074 0.0477327179 0.002641439551 7.332687758e-09 -0.01455963607 0.7074591703 0.001690481898
1.05516356 1.704493378 0.005178291258 7.332687758e-09 -0.5994334246 0.3731587807 0.002208533577
1.447181715 1.140946315 0.006441377048 7.332687758e-09 -0.4606837134 0.5736788398 0.003913268073
3.604724545 -0.9058201844 -0.004965864476 7.332687758e-09 0.1277717851 0.4979351962 0.00166422515
2.224288467 -2.876998863 -0.001894870387 7.332687758e-09 0.4141603331 0.3212921491 0.004050341977
0.1474715822 1.981293896 0.002833594323 7.332687758e-09 -0.7100652602 0.04819084872 0.002247736067
-1.93048386 0.0312442005 -0.005815652103 7.332687758e-09 -0.01372275716 -0.7165973396 -0.002496099419
1.554318636 2.040067505 -0.004043205198 7.332687758e-09 -0.5025017803 0.3767511929 0.0007670843305
0.8669284215 -0.5219458162 0.003705219127 7.332687758e-09 0.508398679 0.8555620174 -0.000150745065
0.9295778745 0.7743869413 -0.002572513144 7.332687758e-09 -0.5791330672 0.7011150236 -0.0004800947518
-1.047903269 2.010631763 0.001701711079 7.332687758e-09 -0.5883262042 -0.304940805 0.0009171280609
0.880530302 -0.2835154553 -0.003058709325 7.332687758e-09 0.3146511599 0.9925826834 0.003700391139
1.461262017 1.491184371 0.002597441726 7.332687758e-09 -0.4927863515 0.4861146329 -0.0005626749483
-2.774552003 -2.06584466 0.01407212998 7.332687758e-09 0.3214368774 -0.4338021515 -0.003218497461
2.366845161 2.084377581 0.005556349841 7.332687758e-09 -0.3736938283 0.4218488687 0.002424848198
1.557680024 0.4769628318 0.003118350346 7.332687758e-09 -0.2356238422 0.7520905621 0.004784934696
-0.1438213102 0.5975398575 0.0002330575262 7.332687758e-09 -1.238218439 -0.3056808146 0.005870673351
0.1215920473 2.193529471 -0.01050157601 7.332687758e-09 -0.6735096399 0.04130684146 0.001941252057
0.2830218603 1.301209558 0.003556028857 7.332687758e-09 -0.8469311839 0.1842090542 -0.001050897405
1.476453391 0.2607110461 0.004553449954 7.332687758e-09 -0.1357025629 0.807275492 -0.005126403382
-0.4777838421 0.3405538236 0.001375977563 7.332687758e-09 -0.7665661324 -1.068067026 -0.005822637471
-3.174081592 -0.8353802386 0.0114996609 7.332687758e-09 0.140262304 -0.5355956975 -0.001056054381
1.809885995 0.1790872534 -0.002265105055 7.332687758e-09 -0.06776652679 0.7422974559 0.002286601308
-1.305396627 2.487637601 0.01477840383 7.332687758e-09 -0.5264237636 -0.2796119104 -0.000612731132
-1.603097716 0.0433377427 -0.01039532357 7.332687758e-09 -0.02528606005 -0.7915515381 -0.002692593213
3.208286244 -0.06852199526 0.001907750779 7.332687758e-09 0.01158417424 0.5574290345 0.0009064051214
3.472573596 0.3083114559 -0.00779414384 7.332687758e-09 -0.04075560563 0.5359978137 0.0002095256671
-1.090577394 -3.352487055 0.007341080339 7.332687758e-09 0.5061251406 -0.1615692271 0.00167536964
0.3756524132 0.8994152212 0.001150745633 7.332687758e-09 -0.9368473872 0.387372988 -0.004624292238
-2.31265978 -2.848349086 -0.003546705159 7.332687758e-09 0.4061610821 -0.3282000304 -0.002521919614
2.446213089 -0.4460733861 0.001833104015 7.332687758e-09 0.119825015 0.6227954798 -0.002326229905
-0.5768597329 -2.516944824 -0.02239757042 7.332687758e-09 0.6064322012 -0.1297563227 -0.0002440932119
-1.059106463 -0.273085675 0.001880720529 7.332687758e-09 0.2302708928 -0.9255106335 -0.004487320554
-3.30489747 0.04764108229 -0.002877544772 7.332687758e-09 -0.01152621143 -0.5537949001 -0.0004339462271
-1.508253138 -1.025749941 -0.0107951865 7.332687758e-09 0.425572728 -0.6086946533 0.004462215608
-0.8921211355 0.7750194577 0.0006696923867 7.332687758e-09 -0.5977467244 -0.6932810223 0.004524030452
1.288953615 -0.4795320371 -0.002208218805 7.332687758e-09 0.298179189 0.7981369212 0.004644528559
-0.9709336432 0.4625359761 0.002557927884 7.332687758e-09 -0.4136149354 -0.8641113123 0.001749509044
-0.3806941269 -1.005674486 0.002643809625 7.332687758e-09 0.9005640334 -0.342853958 -0.0007407858467
-1.291521641 3.199558942 0.007212974347 7.332687758e-09 -0.4961741648 -0.2060610507 0.0009235809928
-1.240596053 -0.8911933054 -0.00170476201 7.332687758e-09 0.4631199788 -0.6586718474 -0.001871253451
2.555036976 -3.035255441 -0.009062083683 7.332687758e-09 0.3823537709 0.3248636144 -0.002067448777
-1.892782267 -0.06051846866 0.009297389598 7.332687758e-09 0.02354054123 -0.7232632011 -0.001545787633
0.8835393836 -2.531194491 0.003974224332 7.332687758e-09 0.5780229713 0.2015475033 0.002776658363
-1.470776001 -1.438112688 0.009897305137 7.332687758e-09 0.4874555201 -0.4961109695 -0.002306660134
-0.1078402942 0.8904238051 0.00033995131 7.332687758e-09 -1.05020391 -0.1131516438 0.002673095188
2.001820102 -0.254842632 -0.005678072298 7.332687758e-09 0.09073061605 0.6996387874 -0.0007495238779
-1.905728423 -0.4810430896 -0.002216102378 7.332687758e-09 0.1742333254 -0.6939090195 -0.0006326003486
0.4982195244 -2.094857035 0.008947793377 7.332687758e-09 0.6595349711 0.162238265 0.001658414971
0.975934262 3.406983661 -0.009735787396 7.332687758e-09 -0.5083157833 0.1442879763 0.0009328261038
-0.3925659929 -2.260110446 -0.01580398808 7.332687758e-09 0.6493185552 -0.1128734785 -0.0008469358634
-3.494302733 1.177153978 0.01702721189 7.332687758e-09 -0.1663208766 -0.4958174142 0.003395106326
2.327928301 -1.282691911 -0.007984728377 7.332687758e-09 0.2958830769 0.5388305163 -0.0009265973488
0.5221662491 0.8129800356 0.004748499071 7.332687758e-09 -0.849415754 0.5522284944 0.003270373041
-3.475901953 0.8058954511 0.01129269087 7.332687758e-09 -0.1161531702 -0.5163174356 -0.0009543198576
-1.545474979 -0.5583502149 -0.001048641579 7.332687758e-09 0.2640140827 -0.7312145077 0.002940453132
-1.475143405 -0.5463027115 -0.002363756561 7.332687758e-09 0.275041349 -0.750370247 0.001647989175
1.25388086 -0.5062634016 -0.004495354125 7.332687758e-09 0.3142038965 0.8000679781 0.0008226590003
-3.14324829 0.8479751599 0.01192414023 7.332687758e-09 -0.1453035898 -0.5370795799 -0.001902139947
2.021732608 -3.26986792 0.01222831582 7.332687758e-09 0.4300137474 0.2698089039 -0.002921595721
0.6213902987 0.06960447042 -0.0005427317694 7.332687758e-09 -0.1296709698 1.251690065 0.00557474466
0.512318082 0.3920574007 0.001780999425 7.332687758e-09 -0.759550122 0.9916427904 0.00379486334
-2.105406645 1.972738223 -0.005266390801 7.332687758e-09 -0.3998862541 -0.4278530918 -0.0002298990492
-1.41704203 0.7577565881 0.001822282839 7.332687758e-09 -0.3635596297 -0.6989791746 0.001662432189
3.90815414 -0.4525742623 -0.009863722876 7.332687758e-09 0.06100948154 0.501066747 8.754296241e-05
-0.244344285 3.278337762 -0.009073842547 7.332687758e-09 -0.5492608522 -0.03924948496 0.0004552008191
3.198675691 -1.35851962 -0.00537425484 7.332687758e-09 0.2076151613 0.4917643393 -0.002080241259
-1.748481689 3.155595114 -0.0008965331143 7.332687758e-09 -0.4630086701 -0.2532246676 0.000815228765
-0.08864210288 1.436491381 -0.008767666978 7.332687758e-09 -0.8287409599 -0.05272154049 0.0001769788925
2.962351631 0.09830412805 -0.0110294097 7.332687758e-09 -0.02153478329 0.5828467638 0.003945666281
1.5146961 -1.269134568 -0.000566504839 7.332687758e-09 0.4562931632 0.5452278183 -0.0004207353846
0.7099317381 -1.908845802 0.006408139169 7.332687758e-09 0.6555901097 0.2501751689 -0.001015668574
-2.665229134 -1.80428351 0.003148740322 7.332687758e-09 0.3100122536 -0.4609559924 -0.0001039322242
0.8783385471 0.7913584229 -0.0006139346136 7.332687758e-09 -0.6287230986 0.6732400419 0.001967591258
-3.9342678 -0.4656189546 0.0114350747 7.332687758e-09 0.06372099627 -0.4963569415 0.002198216682
-0.9313506222 2.291748036 -0.002068931802 7.332687758e-09 -0.5874789952 -0.2465204867 0.002959257908
3.606589449 1.330768009 -0.02533654435 7.332687758e-09 -0.1794543831 0.4756919454 0.002053158185
3.439405348 1.470377377 -0.01129110776 7.332687758e-09 -0.2045940543 0.4787656978 -0.001799084971
-3.031267859 1.737771378 0.01365503954 7.332687758e-09 -0.2660447484 -0.4628671855 0.003355203663
0.7583247475 3.11306429 0.002646925425 7.332687758e-09 -0.5416580992 0.1309768683 0.001885757392
3.61562531 -0.1857685131 0.01187605848 7.332687758e-09 0.02957005411 0.5250662726 -0.001038313894
1.086678244 2.035194376 0.006175483959 7.332687758e-09 -0.5765524224 0.3116986073 0.0008443626388
-1.468813701 -3.624881016 0.006665368228 7.332687758e-09 0.4663359276 -0.1956221485 -0.002760553894
1.240734535 0.328197256 0.0003994868288 7.332687758e-09 -0.2149018148 0.8557624879 -0.000100421339
-0.858125489 0.2893189753 0.000711934852 7.332687758e-09 -0.3245558899 -1.003426619 0.005642944141
-0.2140021494 -1.528881792 -0.00599536799 7.332687758e-09 0.7968521158 -0.1132227195 -0.0009503375119
-3.585583264 -0.433821015 0.0007445751464 7.332687758e-09 0.06175692292 -0.5206259075 0.003264028879
-1.062838022 0.2577580716 0.0002067472574 7.332687758e-09 -0.2219698087 -0.9240748073 -0.001013006779
-0.7954447917 0.2765308203 0.003382687937 7.332687758e-09 -0.3706571324 -1.028041198 -0.004856454004
-2.101031937 -0.6117031593 0.006262813922 7.332687758e-09 0.1836849275 -0.6477459307 0.0006161828618
3.031661583 0.7822629015 0.02321811228 7.332687758e-09 -0.1453830372 0.5464382546 -0.001059083313
-0.6212508028 -1.419893315 -0.00127345676 7.332687758e-09 0.7380574257 -0.3243232123 -0.001404654885
0.5395715103 0.3418241694 0.0003995566924 7.332687758e-09 -0.6602485928 1.057564322 0.002854518229
2.471490901 -2.026694711 0.0001919783708 7.332687758e-09 0.3573114533 0.428757208 0.002652469917
1.918700414 -0.5617978832 0.007485584205 7.332687758e-09 0.190288206 0.6821778442 -0.001472901646
-2.344133951 -3.085312095 0.004168854089 7.332687758e-09 0.4024734825 -0.310222978 -0.002370128901
-0.4130304368 -2.86683817 -0.006627471189 7.332687758e-09 0.5814783619 -0.08310136774 0.0007846049109
1.102079468 1.348975432 0.01216088648 7.332687758e-09 -0.584897046 0.4839646663 -0.003404658446
-0.1100612377 0.789817259 -0.003181323416 7.332687758e-09 -1.111191957 -0.156254733 0.000645358581
-0.858319017 -1.27363494 0.002731055658 7.332687758e-09 0.6645847462 -0.4536253922 0.0004520142606
1.250037976 0.8683367859 -0.006471446399 7.332687758e-09 -0.4656594455 0.6628028813 0.003056352827
-0.7353441463 -0.6675746985 0.006047761036 7.332687758e-09 0.6715987878 -0.740803646 0.002879654101
1.446763425 2.721997407 0.01133502218 7.332687758e-09 -0.5059916599 0.2661956155 0.001284629721
-1.207978984 -2.495411608 -0.007247215233 7.332687758e-09 0.5398504993 -0.2594206783 0.002032794129
-0.1598189452 -0.8024333185 -0.003384474171 7.332687758e-09 1.087901965 -0.2183141214 0.003079056768
1.766709591 -2.409685891 -0.004771507977 7.332687758e-09 0.4686703614 0.3403086815 0.003446039016
-1.734277625 -1.308381971 0.006392874944 7.332687758e-09 0.4072013936 -0.5375579936 0.002316388314
-0.3646161545 0.4824269491 0.001513441648 7.332687758e-09 -1.027151239 -0.777956698 0.003780176394
0.4300526853 0.5657989132 0.005531147696 7.332687758e-09 -0.9506404418 0.7026002805 0.0004878625025
-0.1464009063 -1.558479237 -0.00112954565 7.332687758e-09 0.796909595 -0.08359908456 -0.004868723728
-1.747219232 1.399931966 0.003600753471 7.332687758e-09 -0.4198129073 -0.5206366463 -0.001881699164
-0.6939653281 -0.7258618557 0.0005266693029 7.332687758e-09 0.7189317434 -0.6849454865 0.0006456219537
0.618373901 -0.08503601534 0.001468077363 7.332687758e-09 0.1946585146 1.253144356 0.0008703901217
-0.543364838 -1.360593557 -0.0006494635106 7.332687758e-09 0.7677709086 -0.3082889331 -0.005549971448
-2.67326701 -1.771832614 -0.001308113036 7.332687758e-09 0.3078056434 -0.4647139897 -0.001870580265
-0.04969890615 -0.6665602172 0.001355863565 7.332687758e-09 1.225198714 -0.08070412086 0.006960433445
-1.672496286 -1.531508838 0.002798376745 7.332687758e-09 0.4489138704 -0.489792412 -0.001411787734
1.050556977 -0.5393959304 -0.00155027376 7.332687758e-09 0.4176196125 0.8173970278 -0.003486188741
-2.469142681 -1.455999921 -0.001040952574 7.332687758e-09 0.3032271047 -0.5085590327 -0.001942902096
-0.9941294321 0.06022610115 -0.002582076786 7.332687758e-09 -0.06299088455 -0.9963256718 0.002952085924
0.6442550347 1.155673636 -0.006004097948 7.332687758e-09 -0.7545037442 0.4287701215 0.002037156381
1.341391519 2.666394071 -0.003675302325 7.332687758e-09 -0.5155162478 0.2643729356 -0.0003995927268
0.7278265894 2.671737319 0.01083236297 7.332687758e-09 -0.5815363503 0.153573001 -0.00196881032
-1.805804717 -3.132659552 -0.002163668482 7.332687758e-09 0.4566167463 -0.2638031687 -0.001880931865
-0.06940900003 0.8120283884 0.002073921975 7.332687758e-09 -1.102145995 -0.1013490998 -0.008960434232
-2.353635469 2.214697795 0.007067550168 7.332687758e-09 -0.3802908112 -0.4055636409 -0.003762860225
3.284089459 -0.1970574513 0.007982438334 7.332687758e-09 0.03379706496 0.5502969589 -0.00286308853
1.584774249 0.09745889493 -0.006237745248 7.332687758e-09 -0.05242870731 0.794325102 0.001367057794
-2.374682556 2.296938617 0.0150600044 7.332687758e-09 -0.3827826296 -0.3924339208 0.0002955178323
3.527237188 1.31733599 -0.0002396082914 7.332687758e-09 -0.1816375718 0.4849347307 0.0004123880775
1.692638773 -1.643636623 0.00868419 7.332687758e-09 0.455525664 0.4618191305 -0.0009903536291
-0.2480727306 -1.267818233 0.0006114381396 7.332687758e-09 0.8657479373 -0.1648034343 -0.0007621506293
-3.291152098 0.7036916681 0.003128093096 7.332687758e-09 -0.1086573481 -0.5333765754 -0.001866114088
-1.158818554 2.849987558 -0.01629193097 7.332687758e-09 -0.5261600471 -0.2159915268 -0.001894772544
0.5659406754 -1.882914232 -0.003337268597 7.332687758e-09 0.6806352011 0.2116281823 -0.002825182295
1.860337178 1.27779749 -0.01677913596 7.332687758e-09 -0.3777753188 0.5497279931 -0.00245209978
-0.7400496129 -2.366179654 -0.009717427496 7.332687758e-09 0.6060649133 -0.1925390534 -0.002269901809
0.6162050989 3.29249842 -0.0001714957134 7.332687758e-09 -0.5362310139 0.1051378582 -0.002690078931
-2.839901953 -2.489967456 -0.009194424236 7.332687758e-09 0.3386089278 -0.3857529585 0.002970119416
2.964443206 -2.277866142 0.009579502832 7.332687758e-09 0.3146904257 0.4115306519 0.0004781458882
3.02505421 -1.920879017 -0.002502910142 7.332687758e-09 0.2814789777 0.4473064782 0.0004154683111
0.5191121937 -0.2313134765 0.0002820161109 7.332687758e-09 0.5447388214 1.207412473 0.00476417907
-2.447108379 -0.07699377721 -0.000928954562 7.332687758e-09 0.01425138135 -0.6375587597 0.004965046948
0.5642119305 3.180394047 -0.01412877986 7.332687758e-09 -0.5445750035 0.09753761527 -0.002863177778
-3.512090584 0.4941947676 -0.001004030879 7.332687758e-09 -0.06858369392 -0.5230522876 0.0007898945824
0.7842397222 0.7202752008 -0.004573617088 7.332687758e-09 -0.6644935185 0.7057976766 -0.001597377478
-3.043200238 -0.8083957157 0.009231745738 7.332687758e-09 0.1466370695 -0.5456844965 -0.0005417921291
1.565035543 -1.34602411 -0.008499777717 7.332687758e-09 0.457910905 0.5284611351 0.0009778206181
-1.986101799 1.564596946 0.0135065621 7.332687758e-09 -0.3874623457 -0.496837535 0.002027970134
2.321943616 2.791298066 -0.0156407166 7.332687758e-09 -0.4071632371 0.3333877713 -0.0006239393828
2.211129048 -0.4629326287 0.003484647785 7.332687758e-09 0.1357612301 0.6508363969 -0.002219245298
3.681386385 -1.104908235 -0.02488986027 7.332687758e-09 0.149956213 0.4876220213 0.0001757567619
0.706493744 0.01920535802 -0.002860594917 7.332687758e-09 -0.03445761641 1.180912387 0.004539053628
-0.9303427366 -0.1389067403 -0.0008774015888 7.332687758e-09 0.1550813796 -1.022686358 0.006569094316
0.3990183654 -1.058278278 0.003297669914 7.332687758e-09 0.8767354627 0.3370783247 -0.000378064422
-0.5402371887 0.2597143388 -0.002168299379 7.332687758e-09 -0.5509509034 -1.172426837 -0.002921114417
-1.06040087 -0.1235776136 -0.005116156185 7.332687758e-09 0.1177936804 -0.9614002146 -0.001373680199
-1.036902009 0.7933334156 0.005918300812 7.332687758e-09 -0.5352650881 -0.6961391291 -0.00216863963
-1.318839694 2.296588472 0.01246493306 7.332687758e-09 -0.5294095329 -0.3042178491 -0.0009054914326
-0.3384197298 -3.910538899 0.008450369711 7.332687758e-09 0.5015154585 -0.05291827479 -0.001880000452
-1.775199673 -2.94730374 -0.008178578838 7.332687758e-09 0.4657759516 -0.2756389617 0.003147667357
0.2263469973 -0.4545694476 -0.001332382602 7.332687758e-09 1.259231959 0.6169770408 0.00918046189
-3.412152318 1.80013665 -0.01398772874 7.332687758e-09 -0.236845109 -0.4523829727 0.000178775386
1.761289953 -0.8352817489 0.00138525284 7.332687758e-09 0.3104019896 0.6443863716 -4.304401972e-05
3.753404499 -1.000695512 0.003813082957 7.332687758e-09 0.1323315597 0.4889245234 0.0008017588623
-1.768746905 -1.749889642 -0.008423452395 7.332687758e-09 0.4426388534 -0.4548418953 0.0001240818861
-1.237948542 2.069202666 0.01499632861 7.332687758e-09 -0.5517648655 -0.3338354651 0.000616820227
1.397844152 1.204520692 0.008187603372 7.332687758e-09 -0.4780195505 0.5568556194 -0.001930572663
3.800657324 -0.04053453463 0.004929114854 7.332687758e-09 0.001248635296 0.5107169178 -0.001260613183
-1.186375744 -1.488121188 0.003031247797 7.332687758e-09 0.5601004377 -0.4586773657 0.0008970656311
1.72127984 -0.4938998393 0.0003461155651 7.332687758e-09 0.2066955911 0.7156286009 0.002501440131
1.706691184 -1.109010001 -0.005570214249 7.332687758e-09 0.3816642188 0.5856222974 0.0003436037375
-3.482375466 0.9760194995 -0.002420934135 7.332687758e-09 -0.1375456058 -0.5054319751 0.0005533562433
1.261055198 -3.50446526 -0.001705225708 7.332687758e-09 0.4868587746 0.1760540901 0.002108429119
0.3951025794 -1.517663141 0.002025657725 7.332687758e-09 0.7726972054 0.1923147972 -0.005339745894
2.705119927 1.974691085 -0.009779966558 7.332687758e-09 -0.315428525 0.4423393172 -0.003907616726
-0.8426903643 -1.699033249 0.008141862652 7.332687758e-09 0.6508666278 -0.3215618752 0.001231230928
-0.7285470751 1.866629429 0.003494616298 7.332687758e-09 -0.6571821603 -0.256192953 -0.002072590536
-3.020568671 1.260663751 -0.002351456625 7.332687758e-09 -0.2174822733 -0.5079388188 -0.001631021641
-0.3834326776 2.517037852 0.004287389898 7.332687758e-09 -0.620653071 -0.09377846207 -0.002289250385
1.795580958 1.103319771 0.00396105977 7.332687758e-09 -0.3578807377 0.5891990156 -0.001869483732
-0.1000753865 -1.643743679 -0.006159179786 7.332687758e-09 0.7815311786 -0.05012966851 0.001549730344
-2.41849887 -1.407016479 0.001095523106 7.332687758e-09 0.303387865 -0.514235954 -0.002142839658
-1.505291704 -0.3304729617 0.002564614039 7.332687758e-09 0.1866476636 -0.7856114284 0.005201496023
-0.6976123746 -0.2745406884 0.0008607455379 7.332687758e-09 0.409348239 -1.078144721 0.006249927018
0.03303260784 -3.221037716 0.004760431879 7.332687758e-09 0.5573324042 0.008577309452 0.0003050140433
-1.022650449 0.4227925773 -0.003723191543 7.332687758e-09 -0.3552635605 -0.8819398064 0.003925268011
-1.137439405 -1.178458585 0.002648365013 7.332687758e-09 0.5628380554 -0.5330078311 0.001645694418
-0.7769008439 -2.575758532 0.003839566742 7.332687758e-09 0.5799615886 -0.173946329 -0.0001687464866
-0.0112559158 2.070671817 -0.002607998564 7.332687758e-09 -0.696086261 -0.004164147659 -9.342240876e-05
1.231673807 -1.60176823 -0.01328478008 7.332687758e-09 0.5590559304 0.4354953121 -0.004144029228
-0.9697362647 -0.2476476443 0.005149597148 7.332687758e-09 0.2476400067 -0.9692520788 0.0004193852247
1.0450524 -0.9729474453 0.001272443834 7.332687758e-09 0.573877657 0.6111874134 -0.000165112622
-3.29638419 -1.708815492 0.01204580311 7.332687758e-09 0.2364787855 -0.4649265431 -0.0007915570156
-3.532982009 1.355362245 0.005787927101 7.332687758e-09 -0.1831529996 -0.4809833387 9.023474476e-05
-0.4065239849 1.134243464 -0.001757542774 7.332687758e-09 -0.8619258404 -0.3108727309 0.006280667904
-0.2414812018 0.5410206234 0.002566770053 7.332687758e-09 -1.189363023 -0.5324126265 0.0006106242804
1.247570576 0.08725632822 0.002908507021 7.332687758e-09 -0.05907644002 0.8897597178 0.0042618078
-2.390880765 -3.058862105 0.006874877342 7.332687758e-09 0.402513129 -0.3065978678 -0.004137552926
2.291995958 0.1961192437 0.0004410053196 7.332687758e-09 -0.05340852414 0.6541866979 -0.003853800162
-1.006057937 -0.8200407916 0.00224700518 7.332687758e-09 0.5511968729 -0.6870483665 3.970154135e-05
1.954740996 1.41964638 -0.01024977278 7.332687758e-09 -0.3889007117 0.5150234028 0.002166781648
1.377497739 -2.705891339 0.00181366782 7.332687758e-09 0.5133633721 0.2578408532 -0.000102945057
-0.2451927322 0.9070798506 0.001779686255 7.332687758e-09 -0.9957224001 -0.2678642215 -0.004731916406
-1.669665681 2.337567438 -0.00885722645 7.332687758e-09 -0.4783611762 -0.3447691422 0.0002832297463
1.536758145 -2.843886634 -0.00695633245 7.332687758e-09 0.4915821158 0.2639616483 -0.002669178337
0.3793717802 -1.289890922 -0.0005465140102 7.332687758e-09 0.8311466153 0.2426538457 0.0002133061705
-0.8509048305 2.57940817 -0.01574928008 7.332687758e-09 -0.5761977634 -0.1845889441 0.001837868075
-3.798974673 -1.024444905 -0.01292937591 7.332687758e-09 0.1382898086 -0.4845236198 0.0009510998995
3.279306119 -0.8345667825 0.0142033437 7.332687758e-09 0.1341212459 0.5280326198 0.002768430344
-3.880809201 0.4564664376 0.009718900503 7.332687758e-09 -0.05521900395 -0.5028514177 -0.002563756163
1.980819925 -2.634625379 0.01708397613 7.332687758e-09 0.4385771848 0.3324573365 0.00127114772
-0.4232359292 -3.056869449 -0.01585485513 7.332687758e-09 0.5656701958 -0.08520603578 -0.002743800993
1.082951388 3.171900738 -0.007122601823 7.332687758e-09 -0.5204550047 0.1782241979 -0.003161991658
-3.278921457 -0.4997321915 -0.02339960067 7.332687758e-09 0.07955193157 -0.5411326241 -0.0005163219116
-1.458205989 2.786885144 -0.01025114683 7.332687758e-09 -0.4946578057 -0.2657547693 -0.001068272904
0.2091176482 1.224823658 0.004938774423 7.332687758e-09 -0.8782427245 0.1452014273 -0.0001930197623
-0.0743775502 1.306315937 -0.01036542088 7.332687758e-09 -0.8728516459 -0.0438928068 -0.002329192777
-1.736816962 0.881705942 0.004158576596 7.332687758e-09 -0.3264346287 -0.6370664794 0.002088253489
-1.31273064 2.178499708 0.001625989791 7.332687758e-09 -0.5379251862 -0.3239125686 -0.002593410674
-1.019256223 0.6996018828 0.001498193737 7.332687758e-09 -0.5127084212 -0.7422755783 -0.001659800041
-0.6838656502 0.3513717853 0.001913347505 7.332687758e-09 -0.5163571477 -1.01943724 0.002982536838
2.513149863 -2.616131564 -0.01542907978 7.332687758e-09 0.3826319331 0.3627340331 0.0008384474363
-0.6085043356 -3.091155978 0.01276692678 7.332687758e-09 0.555129988 -0.1120072777 -0.003402261913
-1.826663363 3.113693987 -0.01280533509 7.332687758e-09 -0.4581682624 -0.2618995664 -0.003385040385
1.380186614 0.5278942381 -0.006128102409 7.332687758e-09 -0.3052707723 0.764753156 -0.004291227148
0.1020295616 -2.199170935 -0.007694705648 7.332687758e-09 0.674030731 0.02562213152 -6.37286483e-06
0.7785520122 0.1855794423 0.0002020919309 7.332687758e-09 -0.2652223843 1.082993332 0.0008083221469
-1.922699053 -1.910259675 0.01038834566 7.332687758e-09 0.4332091312 -0.4292109251 -0.004130536152
0.5362450084 2.546258483 0.007771246062 7.332687758e-09 -0.607262105 0.129210538 -0.0004786776633
1.591876523 -3.221221521 -0.003276872614 7.332687758e-09 0.4675225563 0.2401570097 0.005382638671
-3.096817915 0.3497869861 -0.0009498736064 7.332687758e-09 -0.06912027553 -0.5649469077 -0.001102106675
0.08560262962 -1.214874911 0.005735575469 7.332687758e-09 0.9017718245 0.0600406365 5.335427332e-05
0.08598065101 2.699682837 0.001434303607 7.332687758e-09 -0.6092750919 0.02214380535 -0.000831846896
-3.62539839 -0.3248805155 -0.007246936068 7.332687758e-09 0.04584989957 -0.5218021899 -0.0009226784733
1.44165521 -0.2444711016 -0.003650834518 7.332687758e-09 0.1368640763 0.8138720714 0.001268652205
-0.869434621 -1.271916577 -0.00785954213 7.332687758e-09 0.6627081157 -0.4487608748 -0.003552558745
1.358459232 1.588598717 0.002303777604 7.332687758e-09 -0.527549923 0.4481634488 0.00351599158
2.15941795 0.4711022515 -0.002952255444 7.332687758e-09 -0.1409442901 0.6568774491 0.002186814686
0.8295788267 -1.976377399 -0.01162365169 7.332687758e-09 0.6248326411 0.2706922376 0.002755010544
-1.800264374 2.108487565 0.009774389556 7.332687758e-09 -0.451469575 -0.3946773485 0.0006966839357
0.7251543578 3.183863778 0.01624499701 7.332687758e-09 -0.5359011103 0.1232011899 0.002409580466
-2.532142676 -0.2310055842 -0.01330873824 7.332687758e-09 0.05429254165 -0.6229226284 -0.002455150667
3.286640977 -1.638688507 -0.02676826004 7.332687758e-09 0.2357085625 0.4667258208 0.001915784328
1.266602062 -1.159405234 -0.01103409304 7.332687758e-09 0.5129648765 0.5624608526 -0.001130572546
-1.919590363 0.9261825081 -0.00491808474 7.332687758e-09 -0.2988088428 -0.6188637974 -0.00420755186
0.5403966644 -2.70272105 0.009121676447 7.332687758e-09 0.590146516 0.119140746 -0.001005179396
1.572956868 -0.6560492195 -0.001278265099 7.332687758e-09 0.3039112812 0.7023743057 -0.002920334305
-1.993288316 1.521941719 -3.448746893e-05 7.332687758e-09 -0.3814161592 -0.5008015272 -0.002073617424
-0.1857599648 2.809133684 -0.001299458201 7.332687758e-09 -0.5949598117 -0.0410841051 -4.071843462e-05
0.4605709775 0.8251521254 0.0003810170833 7.332687758e-09 -0.8986458211 0.499529651 -9.7379469e-05
-3.468751283 1.732066798 0.01350687446 7.332687758e-09 -0.2254790344 -0.4582638648 0.001233384486
-2.122596064 0.6135530666 0.002602786461 7.332687758e-09 -0.1890914687 -0.649222859 0.004912349958
-0.9515367744 2.726510505 0.00739782494 7.332687758e-09 -0.5573257268 -0.1894647035 -0.0002236585173
-2.291977706 -0.7525349777 -0.01281607119 7.332687758e-09 0.2049590975 -0.612172074 -0.0003740983863
-2.917860665 0.3533894484 0.008890705782 7.332687758e-09 -0.07708491932 -0.578349074 0.002518034846
0.3210687131 2.402180717 -0.00317620497 7.332687758e-09 -0.6360303645 0.08607463827 0.0006214312504
0.4892396145 -0.5531590956 -0.007088711157 7.332687758e-09 0.8731274011 0.7684020382 0.007027830968
2.527255447 0.8566190295 0.01003254053 7.332687758e-09 -0.1929146238 0.5832997066 0.001596673311
-0.7671460124 0.7554428845 -0.001217278686 7.332687758e-09 -0.6814510125 -0.6864846422 -0.00249048213
2.168447758 1.221651927 -0.009411738168 7.332687758e-09 -0.3041615732 0.5556111908 -0.002200920552
-1.142886281 -0.1595620974 -0.002122136742 7.332687758e-09 0.1280015625 -0.9170874823 0.002673282959
-0.1531415024 -1.299690873 0.00303872096 7.332687758e-09 0.8696402157 -0.08796918988 0.0005328703452
-2.810275144 1.754468742 -0.007274634332 7.332687758e-09 -0.2866745588 -0.4686494673 -9.7067561e-05
-0.3581237009 1.574734579 0.0003981689798 7.332687758e-09 -0.7635402417 -0.1783577772 0.003945865061
1.163972154 -0.9661936686 0.0005977912301 7.332687758e-09 0.5229445476 0.6239071699 0.0003705175496
-1.209386763 0.4113884809 0.01054533265 7.332687758e-09 -0.2814399206 -0.8378924725 0.0004430702717
-2.317896827 -0.3857660756 0.01085491904 7.332687758e-09 0.1033931919 -0.6419658744 0.0002578463631
2.319753438 -1.564007401 0.0008412499077 7.332687758e-09 0.3369248897 0.4935574257 0.004106211738
-0.102166713 3.635373346 0.003056078693 7.332687758e-09 -0.521492599 -0.02067185785 -0.001654436988
-2.815544843 0.4483477063 -0.005444059723 7.332687758e-09 -0.09193114246 -0.5882456318 0.0002519139134
-2.090631128 -2.61020568 -0.00684701066 7.332687758e-09 0.4250838361 -0.3425427329 -0.001675705317
-3.097893847 1.250576467 -0.017189635 7.332687758e-09 -0.2092787583 -0.5064531706 -0.002232729806
1.646680639 2.18290607 0.005147589979 7.332687758e-09 -0.4860984229 0.3614304007 -0.00425277122
2.074823846 -2.929452729 0.004263522492 7.332687758e-09 0.4314063972 0.3013342026 0.001989222551
1.262594468 0.2970534823 0.0008443264985 7.332687758e-09 -0.2001912967 0.8610230475 0.002056626225
0.8988061444 -1.757583323 -0.00924798945 7.332687758e-09 0.6382646578 0.3223979447 -0.0002692891124
-2.154584575 2.5969037 0.0004200303836 7.332687758e-09 -0.4158843151 -0.3477255488 -0.0004759381767
3.741150252 0.4126276617 0.0141522288 7.332687758e-09 -0.05511296463 0.5136990974 -0.002546099338
0.9820587981 -1.770375493 0.009396258509 7.332687758e-09 0.6097827261 0.3473445485 -0.001548305394
2.008201426 1.662993943 -0.009390353956 7.332687758e-09 -0.3964544492 0.4786592736 -0.003135831586
1.592614339 1.428699963 0.007053910526 7.332687758e-09 -0.4543163431 0.510863875 0.00171431302
0.08148694483 3.673937747 -0.03284134447 7.332687758e-09 -0.5220284836 0.009629456786 -0.0001681336151
-1.310359941 -0.1912194317 -0.007182947023 7.332687758e-09 0.1286305393 -0.8592679171 -0.0009979446951
-0.5147728633 3.900932749 0.01122780226 7.332687758e-09 -0.5004644785 -0.06300936094 0.001362684759
-0.1474081759 1.797614695 -0.001510409453 7.332687758e-09 -0.7436597718 -0.05845322505 0.001125364377
-1.210518608 -1.635197485 0.01002295601 7.332687758e-09 0.5623951237 -0.4168040182 -0.002014089551
-2.789882086 -1.435325827 -0.01223496716 7.332687758e-09 0.2554765736 -0.5005039599 -0.002687943154
-0.9644519773 1.592827309 -0.00965900764 7.332687758e-09 -0.6242052043 -0.3728933311 0.00230842989
1.820579295 -0.6493370577 -0.009753359697 7.332687758e-09 0.2414556949 0.6786677825 0.001047117264
-1.154814164 -0.4074718136 0.006707356568 7.332687758e-09 0.2998447528 -0.8472583901 -0.003128621677
-0.9098891949 -0.126579042 -0.001684175602 7.332687758e-09 0.1342817994 -1.034408726 -0.0007490406049
-1.629185516 3.191295457 -0.003580764755 7.332687758e-09 -0.4725156838 -0.2369095126 -0.00103060307
-0.7158001645 -2.920118457 -0.005985684116 7.332687758e-09 0.5588797643 -0.1398938039 6.285779524e-05
-2.308140026 -2.385133198 -0.003920612559 7.332687758e-09 0.3916243557 -0.3817747651 0.0006581085629
-1.368992792 0.6719958662 0.002798584294 7.332687758e-09 -0.3522639357 -0.7254826463 0.0003589481694
0.7523912436 -0.8110484883 -0.004950311941 7.332687758e-09 0.7023372052 0.639814391 -0.0004800486206
0.6678472521 -0.08423289102 -0.001760454642 7.332687758e-09 0.1480849613 1.214786709 0.001585884589
1.822117607 -2.591395431 0.004020262833 7.332687758e-09 0.4617077027 0.32321389 0.004274758585
0.2774567083 0.7631797828 -0.000243584521 7.332687758e-09 -1.037886327 0.3798031056 -0.001463514673
-0.506710756 -0.2278005032 0.003422588516 7.332687758e-09 0.5496680944 -1.229550079 -0.005821619961
0.5876039828 -1.212593861 0.0007577522386 7.332687758e-09 0.7816425452 0.371276308 -0.001349786852
-0.6863046798 1.048872617 -0.002215070381 7.332687758e-09 -0.7469415676 -0.4866745238 -0.002898194338
-0.795527786 1.589446595 -0.001772385421 7.332687758e-09 -0.6700672663 -0.342226866 -0.00161968079
-3.097550332 -1.234489815 0.003585402026 7.332687758e-09 0.2051308155 -0.5100072482 0.004594705589
0.9426306343 -3.539826276 -0.02502939356 7.332687758e-09 0.5064850644 0.1347946134 0.001389416312
2.376371387 1.852872025 -0.007744702996 7.332687758e-09 -0.3549947781 0.4572456314 0.0007450996139
-1.26594926 -2.013551788 -0.002510439115 7.332687758e-09 0.5546741175 -0.3399682675 -0.001372600322
-2.148555412 -0.6835602435 -0.00661082148 7.332687758e-09 0.2052108889 -0.6365408338 0.0006608071473
0.5655064923 -3.232879968 0.009313698071 7.332687758e-09 0.5399411494 0.09639125268 -0.001750188384
0.07653168957 -1.03172445 0.002746327584 7.332687758e-09 0.9803343701 0.08626439258 0.002833956472
-2.039302071 -0.1038632198 -0.001986334545 7.332687758e-09 0.03694364049 -0.6968163259 0.004334711671
3.089913212 -1.175848321 0.003456355617 7.332687758e-09 0.19381225 0.5158410972 0.0005681641043
-0.7939994121 3.554446217 -0.01052330093 7.332687758e-09 -0.5161167701 -0.1110632039 -0.0003209511307
1.920964337 -1.494119573 -0.00461311505 7.332687758e-09 0.3948519633 0.5053210299 -0.003401272025
0.8035452783 -3.464809015 0.01130354366 7.332687758e-09 0.5134795114 0.1203340972 -0.002466090691
0.0243642503 -1.294858366 -0.008629935164 7.332687758e-09 0.8791362466 0.0168317327 -0.001076594152
1.907409793 1.938564003 -0.001327826349 7.332687758e-09 -0.4352588252 0.4243418939 -0.003806966301
0.7340556833 -0.2529463331 -0.001156882531 7.332687758e-09 0.3583414616 1.076323906 0.0004359430489
1.732895699 -1.855115788 -0.001003754449 7.332687758e-09 0.4541949035 0.4287328232 0.003094006933
-1.712171461 1.815388097 -0.006189068219 7.332687758e-09 -0.4592150843 -0.4325454724 -0.001815272565
-0.02331097348 -1.253465463 0.001995669323 7.332687758e-09 0.8967572318 -0.02465092567 0.003483487151
2.397722306 3.192160843 -0.004675562443 7.332687758e-09 -0.3957443697 0.3036128652 -0.002794085584
0.7649299785 -1.96229928 0.0131170236 7.332687758e-09 0.6484990939 0.2523768645 -0.001987571999
1.356780721 -0.03612327774 -0.002520740918 7.332687758e-09 0.02701417193 0.8550229729 -0.0004930525267
-1.71023758 -0.2359586156 0.001699856645 7.332687758e-09 0.1072649174 -0.7562647418 -0.002732875032
-0.4437326426 -3.019624095 0.0002963073272 7.332687758e-09 0.563812918 -0.08764595112 0.002525791977
2.288868643 -1.956436707 -0.00407781313 7.332687758e-09 0.3713920683 0.4388795169 -0.0002715213565
0.8004107065 -0.8164256904 -0.001677426335 7.332687758e-09 0.6709826111 0.6574028511 0.005263781398
-3.553284347 1.06433472 -0.004446224814 7.332687758e-09 -0.1516342459 -0.4964603131 -0.001682830124
1.73032214 2.00526882 0.006457060726 7.332687758e-09 -0.4667287294 0.3986891035 0.001104674396
0.2352308839 0.690399073 -0.003625204896 7.332687758e-09 -1.101237853 0.3744656722 0.0003502061246
1.322988175 1.079497173 0.004862903495 7.332687758e-09 -0.481467013 0.5907194174 -0.003371376378
-1.780333727 -0.6130670998 -0.004027008203 7.332687758e-09 0.2354389419 -0.6868451467 -0.001929154727
-0.8466122403 -1.050012526 -0.001353238649 7.332687758e-09 0.6702664591 -0.5399910436 0.001257654713
1.173684971 -1.762189386 -0.001003706253 7.332687758e-09 0.5703375798 0.3850947226 0.002054583698
-2.207894029 1.569008566 0.008599084435 7.332687758e-09 -0.3535718776 -0.4947992546 0.0005746158678
1.920060889 -2.75393328 0.007833918436 7.332687758e-09 0.4494812473 0.308720721 0.001937641888
-0.7466985105 -0.07315762349 0.003816129608 7.332687758e-09 0.1029746247 -1.158371653 -0.003871078868
-0.5765378754 -2.816433371 -0.01166740172 7.332687758e-09 0.5767131685 -0.1146092813 0.001767114399
-3.390160012 0.2161843946 0.02168220781 7.332687758e-09 -0.0327146336 -0.5411308207 -0.0001783790691
2.384665625 1.135038704 -0.01112600509 7.332687758e-09 -0.2648107046 0.5512732632 0.0004615374522
-0.3957745264 2.545476014 0.002780001543 7.332687758e-09 -0.6130148896 -0.09347971029 0.0005619776412
-0.4267323409 0.7330297326 -0.006754337058 7.332687758e-09 -0.9278985849 -0.5480778659 0.0008983719237
-1.684967614 -3.006128579 0.004799105875 7.332687758e-09 0.4722170179 -0.2617423299 0.002344585699
1.252081344 -2.951028036 -0.02052096355 7.332687758e-09 0.5140074949 0.2186794555 -0.0004078699443
-0.6765010566 0.8524865219 0.002805500504 7.332687758e-09 -0.7525192948 -0.5946904247 -0.001947767113
0.6727187685 1.472465232 0.008223514605 7.332687758e-09 -0.7191315421 0.322033991 -0.005453700212
0.8348946016 0.736076094 -0.001972900122 7.332687758e-09 -0.6234681948 0.714980481 0.002050566018
-2.28566909 -2.886264307 -0.01854672531 7.332687758e-09 0.405090359 -0.3237198606 -0.0008781675709
-1.581506933 1.737000666 0.00359460143 7.332687758e-09 -0.4827535029 -0.4334122233 0.00268515376
2.869620737 0.5853888634 -0.01119802441 7.332687758e-09 -0.1140348145 0.5743575938 0.0001330396452
1.483207406 -0.5938382938 0.00501525047 7.332687758e-09 0.2954538645 0.7375216932 0.001801076
-0.5179466402 0.08271825295 0.001350843648 7.332687758e-09 -0.2195398909 -1.368322028 0.00390134617
-1.091516176 -2.522007382 -0.01183757687 7.332687758e-09 0.555037144 -0.2385267791 0.0008933748151
1.027559358 2.40972552 0.001996682233 7.332687758e-09 -0.5709812687 0.2382705139 0.002672235584
2.473411314 0.9055096293 0.0229771826 7.332687758e-09 -0.2119535391 0.5791133477 -0.0034098949
-1.379575678 -3.542847181 -0.02968933139 7.332687758e-09 0.4760929276 -0.1809752283 0.001168938265
-2.584013823 0.5778538136 0.00457811153 7.332687758e-09 -0.1339208578 -0.6026046545 -0.001606834625
-0.2611702233 -0.7162556062 -0.003027049659 7.332687758e-09 1.072496442 -0.4020484634 -0.001695308103
-3.676467365 -0.6425929493 -0.009203644927 7.332687758e-09 0.08899623541 -0.5105690702 0.00135430381
-2.938782269 0.874508528 -0.0003541588336 7.332687758e-09 -0.1595733372 -0.5511195529 0.00172676167
-0.7943431065 -0.01056057318 -0.000252640298 7.332687758e-09 0.01516728543 -1.123771942 -0.006921799829
-1.95662127 0.9499583271 -0.005138547021 7.332687758e-09 -0.2965966586 -0.6087653565 0.002079951435
-0.5791357564 -0.2528722789 -0.000847353115 7.332687758e-09 0.4978038731 -1.153769735 -0.002923184933
1.887421603 -2.345068843 0.01346541248 7.332687758e-09 0.4442042562 0.3666393836 0.001894516318
0.4901945081 3.120127311 0.0005201086246 7.332687758e-09 -0.5598127138 0.08328208926 0.002357670421
-2.494600429 -1.464882565 -0.0048028441 7.332687758e-09 0.2961131902 -0.5072736088 -0.001297958667
1.697095798 -1.384239903 0.006621994017 7.332687758e-09 0.434182425 0.5220211865 0.001278227027
-0.3827456975 -3.335498693 -0.01442404445 7.332687758e-09 0.5421700743 -0.06160774366 -0.000851402065
-2.127736976 1.285045311 -0.007151968437 7.332687758e-09 -0.3270111228 -0.5456133832 0.003086135635
-0.2742988823 -2.40322208 -0.004360520804 7.332687758e-09 0.6371301309 -0.06946186307 -0.003575560191
-1.960040335 1.511521484 0.001557897433 7.332687758e-09 -0.3937780611 -0.5009316292 0.003158817458
-0.3519119763 0.4665410899 -0.004764797357 7.332687758e-09 -1.04171117 -0.7933475142 0.002249333252
1.413784925 2.038355326 0.01059267682 7.332687758e-09 -0.5244467715 0.3650263557 -0.002391316901
0.6586200187 -0.7140642111 -0.005113854023 7.332687758e-09 0.7443144064 0.6836084719 -0.0002363769756
-0.8586601728 -3.804994206 0.006503625351 7.332687758e-09 0.4954032404 -0.1084600938 -0.00127347361
0.8857335416 -0.3685612945 -0.001446064139 7.332687758e-09 0.4007298769 0.9425229202 -0.0004298088064
-1.315028266 2.666097736 0.001596055582 7.332687758e-09 -0.5217136553 -0.2537531724 -0.002083385302
-1.010025357 -0.8940651742 -0.009946183639 7.332687758e-09 0.5717929317 -0.6410993209 -0.001795074961
2.850957739 -1.45355721 0.005610349117 7.332687758e-09 0.2503342999 0.4977613371 -0.0008390860593
-0.1681951059 1.192676424 -0.0003650679228 7.332687758e-09 -0.9091667928 -0.1299312331 -0.002948160221
-1.307232423 0.1056539609 0.004454354734 7.332687758e-09 -0.06296997738 -0.8653003022 -0.00134178259
-1.115997226 -2.422308206 -0.001660083767 7.332687758e-09 0.560885023 -0.2589982287 0.0005788437148
0.01993699336 2.293884565 -0.0003165978591 7.332687758e-09 -0.6604360355 0.01184633722 0.0007412181323
-0.3291342524 -0.5119184951 -0.00113156668 7.332687758e-09 1.082245235 -0.6865667093 -0.0007353787891
-0.8665914646 0.4268786771 -0.00352880058 7.332687758e-09 -0.4478050851 -0.9148014098 -0.003277030623
-2.076997648 -1.496592508 -0.007771987817 7.332687758e-09 0.3741052022 -0.5060366348 -0.0004137299572
-0.5065977172 1.751609886 -0.00412907011 7.332687758e-09 -0.7053516494 -0.2065291332 0.002591285298
2.377812763 1.108444204 0.006092857995 7.332687758e-09 -0.264814878 0.5595336614 0.00313271719
-1.823310607 0.8387193576 -0.004628736003 7.332687758e-09 -0.2938779809 -0.6393324831 0.004513854918
-0.1573248448 -3.074921546 0.005709762508 7.332687758e-09 0.566913635 -0.03450450064 -0.001290238715
0.2504892519 -0.5181985036 0.004782594935 7.332687758e-09 1.192041991 0.5610486831 -0.002850520354
